
============= DEBUG INFORMATION =============

NrTimeBucket:
4

NrACFs:
10

NrHospitals:
5

NrMedFacilities:
15

NrDisasterAreas:
10

NrRescueVehicles:
3

NrInjuries:
2

K_h:
{0: {1, 2, 3, 4}, 1: {0, 2, 3, 4}, 2: {0, 1, 3, 4}, 3: {0, 1, 2, 4}, 4: {0, 1, 2, 3}}

J_m:
[1, 1, 0]
[1, 1, 1]

J_u:
[1, 1, 1, 1, 1, 0, 0, 0, 0, 0, 0, 0, 0, 0, 0]
[1, 1, 1, 1, 1, 1, 1, 1, 1, 1, 1, 1, 1, 1, 1]

I_A_Set:
{0, 1, 4, 7, 8}

I_A_List:
0
1
4
7
8

ACF_Bed_Capacity:
259
323
428
445
286
495
368
344
421
428

Hospital_Bed_Capacity:
540.0
593.0
511.0
500.0
445.0

Fixed_Cost_ACF_Objective:
0.084
0.104
0.139
0.144
0.092
0.16
0.119
0.111
0.136
0.139

Fixed_Cost_ACF_Constraint:
8417.5
10497.5
13910.0
14462.5
9295.0
16087.5
11960.0
11180.0
13682.5
13910.0

Total_Budget_ACF_Establishment:
104892.125

VehicleAssignment_Cost:
0.001
0.001
0.001

ForecastedAvgCasualtyDemand:
[[10.0, 10.0, 10.0, 10.0, 10.0, 10.0, 10.0, 10.0, 10.0, 10.0], [15.0, 15.0, 15.0, 15.0, 15.0, 15.0, 15.0, 15.0, 15.0, 15.0]]
[[10.0, 10.0, 10.0, 10.0, 10.0, 10.0, 10.0, 10.0, 10.0, 10.0], [15.0, 15.0, 15.0, 15.0, 15.0, 15.0, 15.0, 15.0, 15.0, 15.0]]
[[10.0, 10.0, 10.0, 10.0, 10.0, 10.0, 10.0, 10.0, 10.0, 10.0], [15.0, 15.0, 15.0, 15.0, 15.0, 15.0, 15.0, 15.0, 15.0, 15.0]]
[[10.0, 10.0, 10.0, 10.0, 10.0, 10.0, 10.0, 10.0, 10.0, 10.0], [15.0, 15.0, 15.0, 15.0, 15.0, 15.0, 15.0, 15.0, 15.0, 15.0]]

ForecastedSTDCasualtyDemand:
[[10.0, 10.0, 10.0, 10.0, 10.0, 10.0, 10.0, 10.0, 10.0, 10.0], [15.0, 15.0, 15.0, 15.0, 15.0, 15.0, 15.0, 15.0, 15.0, 15.0]]
[[10.0, 10.0, 10.0, 10.0, 10.0, 10.0, 10.0, 10.0, 10.0, 10.0], [15.0, 15.0, 15.0, 15.0, 15.0, 15.0, 15.0, 15.0, 15.0, 15.0]]
[[10.0, 10.0, 10.0, 10.0, 10.0, 10.0, 10.0, 10.0, 10.0, 10.0], [15.0, 15.0, 15.0, 15.0, 15.0, 15.0, 15.0, 15.0, 15.0, 15.0]]
[[10.0, 10.0, 10.0, 10.0, 10.0, 10.0, 10.0, 10.0, 10.0, 10.0], [15.0, 15.0, 15.0, 15.0, 15.0, 15.0, 15.0, 15.0, 15.0, 15.0]]

Land_Rescue_Vehicle_Capacity:
6
12
80

Aerial_Rescue_Vehicle_Capacity:
130

Distance_D_A:
[13.22, 7.65, 18.96, 8.53, 44.08, 32.36, 11.04, 26.2, 31.62, 27.43]
[13.77, 25.83, 7.75, 15.56, 43.09, 40.3, 31.27, 38.85, 34.8, 21.29]
[36.2, 15.4, 41.06, 31.53, 38.16, 19.54, 15.35, 9.6, 25.48, 33.73]
[40.89, 25.38, 41.86, 37.38, 16.67, 4.35, 30.79, 12.2, 4.81, 19.91]
[46.82, 47.69, 41.38, 46.94, 27.66, 40.85, 54.88, 47.08, 31.84, 20.97]
[26.73, 6.92, 30.77, 22.28, 34.62, 19.37, 11.82, 12.13, 21.32, 24.76]
[48.91, 31.46, 50.46, 45.1, 18.94, 5.68, 35.63, 13.82, 12.61, 28.64]
[20.58, 16.47, 20.12, 18.35, 30.66, 25.13, 23.56, 24.19, 20.33, 11.62]
[22.82, 12.59, 24.06, 19.57, 29.64, 20.8, 19.77, 18.7, 17.7, 14.37]
[33.05, 12.96, 36.89, 28.61, 32.39, 14.92, 16.09, 6.11, 19.33, 26.95]

Distance_A_H:
[6.58, 5.34, 38.56, 16.39, 41.16]
[26.38, 22.8, 38.56, 24.65, 20.4]
[2.93, 3.21, 33.81, 11.56, 46.15]
[10.98, 8.45, 38.3, 17.14, 36.47]
[52.35, 48.63, 24.38, 38.94, 39.97]
[46.64, 42.58, 33.87, 36.75, 20.8]
[29.69, 26.66, 45.75, 30.72, 19.52]
[43.07, 39.09, 39.05, 35.97, 11.43]
[42.63, 38.66, 24.95, 30.9, 27.99]
[30.99, 27.52, 12.01, 17.13, 37.88]

Distance_D_H:
[19.07, 15.77, 38.04, 20.25, 27.94]
[10.67, 8.59, 26.06, 4.15, 44.97]
[41.71, 38.02, 45.63, 37.85, 5.1]
[43.83, 39.79, 29.52, 33.19, 23.58]
[44.3, 42.08, 9.14, 30.46, 57.98]
[31.7, 27.85, 36.77, 27.07, 15.83]
[52.3, 48.24, 37.31, 42.15, 23.17]
[22.3, 18.36, 22.41, 11.87, 31.89]
[25.84, 21.79, 26.16, 17.28, 26.25]
[37.93, 34.03, 38.82, 32.28, 11.1]

Distance_A_A:
[1000, 20.8, 7.9, 4.72, 51.24, 43.23, 23.39, 38.55, 40.37, 30.93]
[20.8, 1000, 25.91, 16.16, 40.14, 26.13, 7.2, 18.96, 27.04, 26.93]
[7.9, 25.91, 1000, 11.57, 49.81, 44.83, 29.87, 41.79, 40.43, 28.31]
[4.72, 16.16, 11.57, 1000, 48.77, 39.44, 18.74, 34.24, 37.28, 29.48]
[51.24, 40.14, 49.81, 48.77, 1000, 19.23, 46.38, 28.75, 13.3, 21.86]
[43.23, 26.13, 44.83, 39.44, 19.23, 1000, 30.75, 9.94, 9.01, 24.18]
[23.39, 7.2, 29.87, 18.74, 46.38, 30.75, 1000, 22.09, 33.11, 34.12]
[38.55, 18.96, 41.79, 34.24, 28.75, 9.94, 22.09, 1000, 16.56, 27.73]
[40.37, 27.04, 40.43, 37.28, 13.3, 9.01, 33.11, 16.56, 1000, 16.12]
[30.93, 26.93, 28.31, 29.48, 21.86, 24.18, 34.12, 27.73, 16.12, 1000]

Distance_H_H:
[1000, 4.06, 36.72, 14.42, 46.76]
[4.06, 1000, 34.1, 11.67, 43.1]
[36.72, 34.1, 1000, 22.44, 49.62]
[14.42, 11.67, 22.44, 1000, 42.87]
[46.76, 43.1, 49.62, 42.87, 1000]

Distance_U_U:
[1000, 4.06, 36.72, 14.42, 46.76, 6.58, 26.38, 2.93, 10.98, 52.35, 46.64, 29.69, 43.07, 42.63, 30.99]
[4.06, 1000, 34.1, 11.67, 43.1, 5.34, 22.8, 3.21, 8.45, 48.63, 42.58, 26.66, 39.09, 38.66, 27.52]
[36.72, 34.1, 1000, 22.44, 49.62, 38.56, 38.56, 33.81, 38.3, 24.38, 33.87, 45.75, 39.05, 24.95, 12.01]
[14.42, 11.67, 22.44, 1000, 42.87, 16.39, 24.65, 11.56, 17.14, 38.94, 36.75, 30.72, 35.97, 30.9, 17.13]
[46.76, 43.1, 49.62, 42.87, 1000, 41.16, 20.4, 46.15, 36.47, 39.97, 20.8, 19.52, 11.43, 27.99, 37.88]
[6.58, 5.34, 38.56, 16.39, 41.16, 1000, 20.8, 7.9, 4.72, 51.24, 43.23, 23.39, 38.55, 40.37, 30.93]
[26.38, 22.8, 38.56, 24.65, 20.4, 20.8, 1000, 25.91, 16.16, 40.14, 26.13, 7.2, 18.96, 27.04, 26.93]
[2.93, 3.21, 33.81, 11.56, 46.15, 7.9, 25.91, 1000, 11.57, 49.81, 44.83, 29.87, 41.79, 40.43, 28.31]
[10.98, 8.45, 38.3, 17.14, 36.47, 4.72, 16.16, 11.57, 1000, 48.77, 39.44, 18.74, 34.24, 37.28, 29.48]
[52.35, 48.63, 24.38, 38.94, 39.97, 51.24, 40.14, 49.81, 48.77, 1000, 19.23, 46.38, 28.75, 13.3, 21.86]
[46.64, 42.58, 33.87, 36.75, 20.8, 43.23, 26.13, 44.83, 39.44, 19.23, 1000, 30.75, 9.94, 9.01, 24.18]
[29.69, 26.66, 45.75, 30.72, 19.52, 23.39, 7.2, 29.87, 18.74, 46.38, 30.75, 1000, 22.09, 33.11, 34.12]
[43.07, 39.09, 39.05, 35.97, 11.43, 38.55, 18.96, 41.79, 34.24, 28.75, 9.94, 22.09, 1000, 16.56, 27.73]
[42.63, 38.66, 24.95, 30.9, 27.99, 40.37, 27.04, 40.43, 37.28, 13.3, 9.01, 33.11, 16.56, 1000, 16.12]
[30.99, 27.52, 12.01, 17.13, 37.88, 30.93, 26.93, 28.31, 29.48, 21.86, 24.18, 34.12, 27.73, 16.12, 1000]

Time_D_A_Land:
[15.86, 9.18, 22.75, 10.24, 52.9, 38.83, 13.25, 31.44, 37.94, 32.92]
[16.52, 31.0, 9.3, 18.67, 51.71, 48.36, 37.52, 46.62, 41.76, 25.55]
[43.44, 18.48, 49.27, 37.84, 45.79, 23.45, 18.42, 11.52, 30.58, 40.48]
[49.07, 30.46, 50.23, 44.86, 20.0, 5.22, 36.95, 14.64, 5.77, 23.89]
[56.18, 57.23, 49.66, 56.33, 33.19, 49.02, 65.86, 56.5, 38.21, 25.16]
[32.08, 8.3, 36.92, 26.74, 41.54, 23.24, 14.18, 14.56, 25.58, 29.71]
[58.69, 37.75, 60.55, 54.12, 22.73, 6.82, 42.76, 16.58, 15.13, 34.37]
[24.7, 19.76, 24.14, 22.02, 36.79, 30.16, 28.27, 29.03, 24.4, 13.94]
[27.38, 15.11, 28.87, 23.48, 35.57, 24.96, 23.72, 22.44, 21.24, 17.24]
[39.66, 15.55, 44.27, 34.33, 38.87, 17.9, 19.31, 7.33, 23.2, 32.34]

Time_A_H_Land:
[7.9, 6.41, 46.27, 19.67, 49.39]
[31.66, 27.36, 46.27, 29.58, 24.48]
[3.52, 3.85, 40.57, 13.87, 55.38]
[13.18, 10.14, 45.96, 20.57, 43.76]
[62.82, 58.36, 29.26, 46.73, 47.96]
[55.97, 51.1, 40.64, 44.1, 24.96]
[35.63, 31.99, 54.9, 36.86, 23.42]
[51.68, 46.91, 46.86, 43.16, 13.72]
[51.16, 46.39, 29.94, 37.08, 33.59]
[37.19, 33.02, 14.41, 20.56, 45.46]

Time_D_H_Land:
[22.88, 18.92, 45.65, 24.3, 33.53]
[12.8, 10.31, 31.27, 4.98, 53.96]
[50.05, 45.62, 54.76, 45.42, 6.12]
[52.6, 47.75, 35.42, 39.83, 28.3]
[53.16, 50.5, 10.97, 36.55, 69.58]
[38.04, 33.42, 44.12, 32.48, 19.0]
[62.76, 57.89, 44.77, 50.58, 27.8]
[26.76, 22.03, 26.89, 14.24, 38.27]
[31.01, 26.15, 31.39, 20.74, 31.5]
[45.52, 40.84, 46.58, 38.74, 13.32]

Time_A_A_Land:
[1200.0, 24.96, 9.48, 5.66, 61.49, 51.88, 28.07, 46.26, 48.44, 37.12]
[24.96, 1200.0, 31.09, 19.39, 48.17, 31.36, 8.64, 22.75, 32.45, 32.32]
[9.48, 31.09, 1200.0, 13.88, 59.77, 53.8, 35.84, 50.15, 48.52, 33.97]
[5.66, 19.39, 13.88, 1200.0, 58.52, 47.33, 22.49, 41.09, 44.74, 35.38]
[61.49, 48.17, 59.77, 58.52, 1200.0, 23.08, 55.66, 34.5, 15.96, 26.23]
[51.88, 31.36, 53.8, 47.33, 23.08, 1200.0, 36.9, 11.93, 10.81, 29.02]
[28.07, 8.64, 35.84, 22.49, 55.66, 36.9, 1200.0, 26.51, 39.73, 40.94]
[46.26, 22.75, 50.15, 41.09, 34.5, 11.93, 26.51, 1200.0, 19.87, 33.28]
[48.44, 32.45, 48.52, 44.74, 15.96, 10.81, 39.73, 19.87, 1200.0, 19.34]
[37.12, 32.32, 33.97, 35.38, 26.23, 29.02, 40.94, 33.28, 19.34, 1200.0]

Time_H_H_Land:
[1200.0, 4.87, 44.06, 17.3, 56.11]
[4.87, 1200.0, 40.92, 14.0, 51.72]
[44.06, 40.92, 1200.0, 26.93, 59.54]
[17.3, 14.0, 26.93, 1200.0, 51.44]
[56.11, 51.72, 59.54, 51.44, 1200.0]

Time_U_U_Land:
[1200.0, 4.87, 44.06, 17.3, 56.11, 7.9, 31.66, 3.52, 13.18, 62.82, 55.97, 35.63, 51.68, 51.16, 37.19]
[4.87, 1200.0, 40.92, 14.0, 51.72, 6.41, 27.36, 3.85, 10.14, 58.36, 51.1, 31.99, 46.91, 46.39, 33.02]
[44.06, 40.92, 1200.0, 26.93, 59.54, 46.27, 46.27, 40.57, 45.96, 29.26, 40.64, 54.9, 46.86, 29.94, 14.41]
[17.3, 14.0, 26.93, 1200.0, 51.44, 19.67, 29.58, 13.87, 20.57, 46.73, 44.1, 36.86, 43.16, 37.08, 20.56]
[56.11, 51.72, 59.54, 51.44, 1200.0, 49.39, 24.48, 55.38, 43.76, 47.96, 24.96, 23.42, 13.72, 33.59, 45.46]
[7.9, 6.41, 46.27, 19.67, 49.39, 1200.0, 24.96, 9.48, 5.66, 61.49, 51.88, 28.07, 46.26, 48.44, 37.12]
[31.66, 27.36, 46.27, 29.58, 24.48, 24.96, 1200.0, 31.09, 19.39, 48.17, 31.36, 8.64, 22.75, 32.45, 32.32]
[3.52, 3.85, 40.57, 13.87, 55.38, 9.48, 31.09, 1200.0, 13.88, 59.77, 53.8, 35.84, 50.15, 48.52, 33.97]
[13.18, 10.14, 45.96, 20.57, 43.76, 5.66, 19.39, 13.88, 1200.0, 58.52, 47.33, 22.49, 41.09, 44.74, 35.38]
[62.82, 58.36, 29.26, 46.73, 47.96, 61.49, 48.17, 59.77, 58.52, 1200.0, 23.08, 55.66, 34.5, 15.96, 26.23]
[55.97, 51.1, 40.64, 44.1, 24.96, 51.88, 31.36, 53.8, 47.33, 23.08, 1200.0, 36.9, 11.93, 10.81, 29.02]
[35.63, 31.99, 54.9, 36.86, 23.42, 28.07, 8.64, 35.84, 22.49, 55.66, 36.9, 1200.0, 26.51, 39.73, 40.94]
[51.68, 46.91, 46.86, 43.16, 13.72, 46.26, 22.75, 50.15, 41.09, 34.5, 11.93, 26.51, 1200.0, 19.87, 33.28]
[51.16, 46.39, 29.94, 37.08, 33.59, 48.44, 32.45, 48.52, 44.74, 15.96, 10.81, 39.73, 19.87, 1200.0, 19.34]
[37.19, 33.02, 14.41, 20.56, 45.46, 37.12, 32.32, 33.97, 35.38, 26.23, 29.02, 40.94, 33.28, 19.34, 1200.0]

Time_D_A_Aerial:
[6.9, 3.99, 9.89, 4.45, 23.0, 16.88, 5.76, 13.67, 16.5, 14.31]
[7.18, 13.48, 4.04, 8.12, 22.48, 21.03, 16.31, 20.27, 18.16, 11.11]
[18.89, 8.03, 21.42, 16.45, 19.91, 10.19, 8.01, 5.01, 13.29, 17.6]
[21.33, 13.24, 21.84, 19.5, 8.7, 2.27, 16.06, 6.37, 2.51, 10.39]
[24.43, 24.88, 21.59, 24.49, 14.43, 21.31, 28.63, 24.56, 16.61, 10.94]
[13.95, 3.61, 16.05, 11.62, 18.06, 10.11, 6.17, 6.33, 11.12, 12.92]
[25.52, 16.41, 26.33, 23.53, 9.88, 2.96, 18.59, 7.21, 6.58, 14.94]
[10.74, 8.59, 10.5, 9.57, 16.0, 13.11, 12.29, 12.62, 10.61, 6.06]
[11.91, 6.57, 12.55, 10.21, 15.46, 10.85, 10.31, 9.76, 9.23, 7.5]
[17.24, 6.76, 19.25, 14.93, 16.9, 7.78, 8.39, 3.19, 10.09, 14.06]

Time_A_H_Aerial:
[3.43, 2.79, 20.12, 8.55, 21.47]
[13.76, 11.9, 20.12, 12.86, 10.64]
[1.53, 1.67, 17.64, 6.03, 24.08]
[5.73, 4.41, 19.98, 8.94, 19.03]
[27.31, 25.37, 12.72, 20.32, 20.85]
[24.33, 22.22, 17.67, 19.17, 10.85]
[15.49, 13.91, 23.87, 16.03, 10.18]
[22.47, 20.39, 20.37, 18.77, 5.96]
[22.24, 20.17, 13.02, 16.12, 14.6]
[16.17, 14.36, 6.27, 8.94, 19.76]

Time_D_H_Aerial:
[9.95, 8.23, 19.85, 10.57, 14.58]
[5.57, 4.48, 13.6, 2.17, 23.46]
[21.76, 19.84, 23.81, 19.75, 2.66]
[22.87, 20.76, 15.4, 17.32, 12.3]
[23.11, 21.95, 4.77, 15.89, 30.25]
[16.54, 14.53, 19.18, 14.12, 8.26]
[27.29, 25.17, 19.47, 21.99, 12.09]
[11.63, 9.58, 11.69, 6.19, 16.64]
[13.48, 11.37, 13.65, 9.02, 13.7]
[19.79, 17.75, 20.25, 16.84, 5.79]

Time_A_A_Aerial:
[521.74, 10.85, 4.12, 2.46, 26.73, 22.55, 12.2, 20.11, 21.06, 16.14]
[10.85, 521.74, 13.52, 8.43, 20.94, 13.63, 3.76, 9.89, 14.11, 14.05]
[4.12, 13.52, 521.74, 6.04, 25.99, 23.39, 15.58, 21.8, 21.09, 14.77]
[2.46, 8.43, 6.04, 521.74, 25.45, 20.58, 9.78, 17.86, 19.45, 15.38]
[26.73, 20.94, 25.99, 25.45, 521.74, 10.03, 24.2, 15.0, 6.94, 11.41]
[22.55, 13.63, 23.39, 20.58, 10.03, 521.74, 16.04, 5.19, 4.7, 12.62]
[12.2, 3.76, 15.58, 9.78, 24.2, 16.04, 521.74, 11.53, 17.27, 17.8]
[20.11, 9.89, 21.8, 17.86, 15.0, 5.19, 11.53, 521.74, 8.64, 14.47]
[21.06, 14.11, 21.09, 19.45, 6.94, 4.7, 17.27, 8.64, 521.74, 8.41]
[16.14, 14.05, 14.77, 15.38, 11.41, 12.62, 17.8, 14.47, 8.41, 521.74]

Time_H_H_Aerial:
[521.74, 2.12, 19.16, 7.52, 24.4]
[2.12, 521.74, 17.79, 6.09, 22.49]
[19.16, 17.79, 521.74, 11.71, 25.89]
[7.52, 6.09, 11.71, 521.74, 22.37]
[24.4, 22.49, 25.89, 22.37, 521.74]

Casualty_Shortage_Cost:
150000.0
75000.0

Number_Rescue_Vehicle_ACF:
67.0
67.0
67.0

Number_Land_Rescue_Vehicle_Hospital:
[284.0, 314.0, 272.0, 266.0, 238.0]
[190.0, 210.0, 182.0, 178.0, 159.0]
[95.0, 105.0, 91.0, 89.0, 80.0]

ForecastedAvgHospitalDisruption:
0.45
0.45
0.45
0.45
0.45

ForecastedSTDHospitalDisruption:
0.07
0.07
0.07
0.07
0.07

ForecastedAvgPatientDemand:
[119.0, 130.0, 112.0, 110.0, 98.0]
[178.0, 196.0, 168.0, 165.0, 147.0]

ForecastedSTDPatientDemand:
[11.0, 12.0, 10.0, 10.0, 9.0]
[16.0, 18.0, 16.0, 15.0, 13.0]

ForecastedAvgPercentagePatientDischarged:
[[0.0, 0.0, 0.0, 0.0, 0.0, 0.0, 0.0, 0.0, 0.0, 0.0, 0.0, 0.0, 0.0, 0.0, 0.0], [0.0, 0.0, 0.0, 0.0, 0.0, 0.0, 0.0, 0.0, 0.0, 0.0, 0.0, 0.0, 0.0, 0.0, 0.0]]
[[0.0, 0.0, 0.0, 0.0, 0.0, 0.0, 0.0, 0.0, 0.0, 0.0, 0.0, 0.0, 0.0, 0.0, 0.0], [0.074, 0.074, 0.074, 0.074, 0.074, 0.074, 0.074, 0.074, 0.074, 0.074, 0.074, 0.074, 0.074, 0.074, 0.074]]
[[0.05, 0.05, 0.05, 0.05, 0.05, 0.05, 0.05, 0.05, 0.05, 0.05, 0.05, 0.05, 0.05, 0.05, 0.05], [0.074, 0.074, 0.074, 0.074, 0.074, 0.074, 0.074, 0.074, 0.074, 0.074, 0.074, 0.074, 0.074, 0.074, 0.074]]
[[0.05, 0.05, 0.05, 0.05, 0.05, 0.05, 0.05, 0.05, 0.05, 0.05, 0.05, 0.05, 0.05, 0.05, 0.05], [0.479, 0.479, 0.479, 0.479, 0.479, 0.479, 0.479, 0.479, 0.479, 0.479, 0.479, 0.479, 0.479, 0.479, 0.479]]

ForecastedSTDPercentagePatientDischarged:
[[0.0, 0.0, 0.0, 0.0, 0.0, 0.0, 0.0, 0.0, 0.0, 0.0, 0.0, 0.0, 0.0, 0.0, 0.0], [0.0, 0.0, 0.0, 0.0, 0.0, 0.0, 0.0, 0.0, 0.0, 0.0, 0.0, 0.0, 0.0, 0.0, 0.0]]
[[0.0, 0.0, 0.0, 0.0, 0.0, 0.0, 0.0, 0.0, 0.0, 0.0, 0.0, 0.0, 0.0, 0.0, 0.0], [0.011, 0.011, 0.011, 0.011, 0.011, 0.011, 0.011, 0.011, 0.011, 0.011, 0.011, 0.011, 0.011, 0.011, 0.011]]
[[0.015, 0.015, 0.015, 0.015, 0.015, 0.015, 0.015, 0.015, 0.015, 0.015, 0.015, 0.015, 0.015, 0.015, 0.015], [0.011, 0.011, 0.011, 0.011, 0.011, 0.011, 0.011, 0.011, 0.011, 0.011, 0.011, 0.011, 0.011, 0.011, 0.011]]
[[0.015, 0.015, 0.015, 0.015, 0.015, 0.015, 0.015, 0.015, 0.015, 0.015, 0.015, 0.015, 0.015, 0.015, 0.015], [0.072, 0.072, 0.072, 0.072, 0.072, 0.072, 0.072, 0.072, 0.072, 0.072, 0.072, 0.072, 0.072, 0.072, 0.072]]

Max_Backup_Hospital:
4
4
4
4
4

Available_Aerial_Vehicles_Hospital:
9.0
7.0
5.0
10.0
9.0

CoordinationCost:
[1000.0, 634.0, 653.0, 801.0, 238.0]
[350.0, 1000.0, 202.0, 308.0, 327.0]
[329.0, 217.0, 1000.0, 545.0, 321.0]
[745.0, 710.0, 465.0, 1000.0, 667.0]
[548.0, 594.0, 289.0, 234.0, 1000.0]

EvacuationRiskCost:
100000.0
50000.0

CumulativeThreatRiskConstant:
[[0.0020000000000000018, 0.0020000000000000018, 0.0020000000000000018, 0.0020000000000000018, 0.0020000000000000018], [0.0011999999999999789, 0.0011999999999999789, 0.0011999999999999789, 0.0011999999999999789, 0.0011999999999999789]]
[[0.0039959999999999996, 0.0039959999999999996, 0.0039959999999999996, 0.0039959999999999996, 0.0039959999999999996], [0.0023985599999999385, 0.0023985599999999385, 0.0023985599999999385, 0.0023985599999999385, 0.0023985599999999385]]
[[0.005988007999999989, 0.005988007999999989, 0.005988007999999989, 0.005988007999999989, 0.005988007999999989], [0.0035956817279999553, 0.0035956817279999553, 0.0035956817279999553, 0.0035956817279999553, 0.0035956817279999553]]
[[0.007976031983999987, 0.007976031983999987, 0.007976031983999987, 0.007976031983999987, 0.007976031983999987], [0.00479136690992632, 0.00479136690992632, 0.00479136690992632, 0.00479136690992632, 0.00479136690992632]]

CumulativeThreatRiskLinear:
[[0.0018000000000000238, 0.0018000000000000238, 0.0018000000000000238, 0.0018000000000000238, 0.0018000000000000238], [0.0010799999999999699, 0.0010799999999999699, 0.0010799999999999699, 0.0010799999999999699, 0.0010799999999999699]]
[[0.0053935200000000405, 0.0053935200000000405, 0.0053935200000000405, 0.0053935200000000405, 0.0053935200000000405], [0.0032376672000000717, 0.0032376672000000717, 0.0032376672000000717, 0.0032376672000000717, 0.0032376672000000717]]
[[0.010764394991999993, 0.010764394991999993, 0.010764394991999993, 0.010764394991999993, 0.010764394991999993], [0.006467177158272053, 0.006467177158272053, 0.006467177158272053, 0.006467177158272053, 0.006467177158272053]]
[[0.017886891348057543, 0.017886891348057543, 0.017886891348057543, 0.017886891348057543, 0.017886891348057543], [0.01075923895294828, 0.01075923895294828, 0.01075923895294828, 0.01075923895294828, 0.01075923895294828]]

CumulativeThreatRiskExponential:
[[0.0005929834897724362, 0.0005929834897724362, 0.0005929834897724362, 0.0005929834897724362, 0.0005929834897724362], [0.00031168341956777645, 0.00031168341956777645, 0.00031168341956777645, 0.00031168341956777645, 0.00031168341956777645]]
[[0.006215718029013995, 0.006215718029013995, 0.006215718029013995, 0.006215718029013995, 0.006215718029013995], [0.002901450754589474, 0.002901450754589474, 0.002901450754589474, 0.002901450754589474, 0.002901450754589474]]
[[0.05926260390889393, 0.05926260390889393, 0.05926260390889393, 0.05926260390889393, 0.05926260390889393], [0.02437068966627698, 0.02437068966627698, 0.02437068966627698, 0.02437068966627698, 0.02437068966627698]]
[[0.535692233554829, 0.535692233554829, 0.535692233554829, 0.535692233554829, 0.535692233554829], [0.19897133152912705, 0.19897133152912705, 0.19897133152912705, 0.19897133152912705, 0.19897133152912705]]

CumulativeLandTransportation_Risk:
[[[0.11485703124592583, 0.2165314851514324, 0.46213896513130504], [0.0024840340270471106, 0.00496214514449389, 0.02219069304282184], [0.0063858436014672115, 0.012731540775320682, 0.041169063418039054], [0.0037232380091478667, 0.007432983818647432, 0.02825044276669697], [0.007582487370438651, 0.015108230377512077, 0.046930087669754594], [0.0027862506876854543, 0.005565015685374819, 0.023671322471012224], [0.00515293615650203, 0.010279830953818347, 0.035204348804716123], [0.002349353546776678, 0.004693421774427886, 0.02153028378150401], [0.0033126668824650096, 0.0066146896742890204, 0.02624607375368071], [0.008248209433339593, 0.016429200664443644, 0.05012307630510404], [0.007568592733256163, 0.015080650263739614, 0.046863353755362436], [0.0055478317939879895, 0.011065435404861046, 0.037118046663033644], [0.007142727024235573, 0.01423514223697575, 0.04481616898978036], [0.007091094521939234, 0.01413260710617914, 0.04456772678190146], [0.005702961988397259, 0.011373965709843059, 0.03786898943221495]], [[0.0024840340270471106, 0.00496214514449389, 0.02219069304282184], [0.11485703124592583, 0.2165314851514324, 0.46213896513130504], [0.0060737841623582645, 0.01211127941304313, 0.039662139459518464], [0.0033943959793648615, 0.006777607797886609, 0.026645330832735903], [0.007146698643968441, 0.014243029113004124, 0.04483527725278125], [0.0026376473380720356, 0.005268600253812261, 0.02294350455810734], [0.004725038532415904, 0.009428220304448454, 0.03312728680451493], [0.0023822771210738614, 0.004759116410326447, 0.02169175833466619], [0.003009612718337662, 0.006010467316379331, 0.02476447162208828], [0.00780576735502525, 0.015551376274603457, 0.04800195627144721], [0.007085136752739696, 0.01412077544326884, 0.044539056215409545], [0.005185767209473502, 0.010345156862005322, 0.03536356675912733], [0.0066689974426298315, 0.01329417969551916, 0.04253476566267911], [0.0066173403045228785, 0.013191546689740985, 0.04228573006443781], [0.005288232921747182, 0.010549025148045454, 0.035860350795735574]], [[0.0063858436014672115, 0.012731540775320682, 0.041169063418039054], [0.0060737841623582645, 0.01211127941304313, 0.039662139459518464], [0.11485703124592583, 0.2165314851514324, 0.46213896513130504], [0.004682238648852088, 0.009343018947368997, 0.03291933482481302], [0.007922845220738273, 0.015783701967636232, 0.048563609838243815], [0.006605419045006222, 0.013167860633945483, 0.042228251112954696], [0.006605419045006222, 0.013167860633945483, 0.042228251112954696], [0.006038994396469377, 0.01204211786559084, 0.039494023591744365], [0.006574621795753632, 0.013106669025019668, 0.04207974785426283], [0.004914132265465443, 0.009804603702951997, 0.03404560920956312], [0.0060459524470637405, 0.012055950562427364, 0.0395276491195512], [0.007462391580872141, 0.01486983388400731, 0.04635316162673564], [0.006664030526849829, 0.013284311601133414, 0.04251082274630735], [0.004981799187172453, 0.009939274586557967, 0.034374059982173244], [0.003435258014587994, 0.006859056839766509, 0.026844897979528937]], [[0.0037232380091478667, 0.007432983818647432, 0.02825044276669697], [0.0033943959793648615, 0.006777607797886609, 0.026645330832735903], [0.004682238648852088, 0.009343018947368997, 0.03291933482481302], [0.11485703124592583, 0.2165314851514324, 0.46213896513130504], [0.007118896972202138, 0.014187819655654299, 0.04470151138394962], [0.003959339427883957, 0.007903396130590434, 0.029401571619636746], [0.004945976095947047, 0.009867980518128094, 0.0342001881934082], [0.0033814393744537874, 0.006751781097187548, 0.026582044899667423], [0.004048983535570261, 0.008081975305191724, 0.029838351833642585], [0.006651116429589599, 0.013258654093852629, 0.0424485683616469], [0.006389818248879187, 0.012739439681315745, 0.041188244640663174], [0.005670148003988573, 0.011308707712072374, 0.03771018501005208], [0.006296409831169081, 0.012553798681549933, 0.04073738444735697], [0.005692024113918115, 0.011352213522524246, 0.03781605753694317], [0.004047987534254838, 0.008079991268748032, 0.029833499800162144]], [[0.007582487370438651, 0.015108230377512077, 0.046930087669754594], [0.007146698643968441, 0.014243029113004124, 0.04483527725278125], [0.007922845220738273, 0.015783701967636232, 0.048563609838243815], [0.007118896972202138, 0.014187819655654299, 0.04470151138394962], [0.11485703124592583, 0.2165314851514324, 0.46213896513130504], [0.006915325301945052, 0.01378351335260719, 0.04372158330335274], [0.004438343726463789, 0.008857429506394232, 0.031733638470470615], [0.007510034624826023, 0.014964411298222569, 0.04658206662926645], [0.006356033239079184, 0.012672296965892338, 0.04102519201661803], [0.006773296937140683, 0.013501386881676347, 0.04303742862634541], [0.00448613192848879, 0.008952584141446729, 0.031966052614803786], [0.004332803320247769, 0.008647263987439202, 0.031220192875701214], [0.0033664892363992616, 0.006721980223422852, 0.026509017556186065], [0.005344932711548012, 0.010661827409929714, 0.03613516014162943], [0.006524946801187759, 0.01300796488605449, 0.0418401779487676]]]
[[[0.05917819502615751, 0.05917819502615751, 0.11662563642042745], [0.001242758224145546, 0.001242758224145546, 0.004477171815342573], [0.0031979556894123906, 0.0031979556894123906, 0.008371185179605889], [0.0018633085078197942, 0.0018633085078197942, 0.005713899742554429], [0.0037983630405407087, 0.0037983630405407087, 0.009565437933298782], [0.0013940622673365155, 0.0013940622673365155, 0.00477878461652681], [0.0025797313364570584, 0.0025797313364570584, 0.00714074120841135], [0.0011753381494078452, 0.0011753381494078452, 0.004342760440293247], [0.00165766602781936, 0.00165766602781936, 0.005304148978507728], [0.004132540982774158, 0.004132540982774158, 0.010229829816187364], [0.0037913894303326368, 0.0037913894303326368, 0.009551571059006725], [0.0027777045596661942, 0.0027777045596661942, 0.007534847804473999], [0.0035776744203303013, 0.0035776744203303013, 0.009126556272744613], [0.003551766455358596, 0.003551766455358596, 0.009075026937410025], [0.0028554868097357966, 0.0028554868097357966, 0.007689668033065145]], [[0.001242758224145546, 0.001242758224145546, 0.004477171815342573], [0.05917819502615751, 0.05917819502615751, 0.11662563642042745], [0.003041441569533121, 0.003041441569533121, 0.00805974926681774], [0.0016985982477100148, 0.0016985982477100148, 0.005385714772405903], [0.003579667312811341, 0.003579667312811341, 0.009130519956779604], [0.0013196614935462314, 0.0013196614935462314, 0.004630478191435583], [0.0023652575617008065, 0.0023652575617008065, 0.006713698567055504], [0.0011918190323862987, 0.0011918190323862987, 0.004375618229959022], [0.001505902665216663, 0.001505902665216663, 0.0050017003472510035], [0.0039104322224418064, 0.0039104322224418064, 0.009788271781893898], [0.0035487770314376332, 0.0035487770314376332, 0.00906908107243587], [0.0025961890465597826, 0.0025961890465597826, 0.007173506661618423], [0.003339993411271225, 0.003339993411271225, 0.00865377325075567], [0.003314079266358405, 0.003314079266358405, 0.008602219328835314], [0.002647555304298499, 0.002647555304298499, 0.007275767637035635]], [[0.0031979556894123906, 0.0031979556894123906, 0.008371185179605889], [0.003041441569533121, 0.003041441569533121, 0.00805974926681774], [0.05917819502615751, 0.05917819502615751, 0.11662563642042745], [0.00234380764790032, 0.00234380764790032, 0.006670984201987751], [0.00396920124247524, 0.00396920124247524, 0.00990511571418995], [0.0033080989833849106, 0.0033080989833849106, 0.008590321889200836], [0.0033080989833849106, 0.0033080989833849106, 0.008590321889200836], [0.00302399420590882, 0.00302399420590882, 0.00802502901439972], [0.003292649752953958, 0.003292649752953958, 0.008559586175967082], [0.0024600307297846236, 0.0024600307297846236, 0.00690241447170159], [0.003027483703060607, 0.003027483703060607, 0.008031973162105244], [0.0037380895113979795, 0.0037380895113979795, 0.009445582107266315], [0.0033375016958466786, 0.0033375016958466786, 0.008648816259375747], [0.002493947360076687, 0.002493947360076687, 0.006969946188055132], [0.0017190637283153176, 0.0017190637283153176, 0.005426495161150013]], [[0.0018633085078197942, 0.0018633085078197942, 0.005713899742554429], [0.0016985982477100148, 0.0016985982477100148, 0.005385714772405903], [0.00234380764790032, 0.00234380764790032, 0.006670984201987751], [0.05917819502615751, 0.05917819502615751, 0.11662563642042745], [0.0035657169817403522, 0.0035657169817403522, 0.009102773835565348], [0.0019815836547241172, 0.0019815836547241172, 0.005949529406776843], [0.002475991640631392, 0.002475991640631392, 0.006934194674989125], [0.0016921091052790604, 0.0016921091052790604, 0.005372784056101865], [0.0020264945957387814, 0.0020264945957387814, 0.006038994396469377], [0.0033310232065890677, 0.0033310232065890677, 0.008635927965787937], [0.00319994934134904, 0.00319994934134904, 0.008375151885270271], [0.0028390333781884713, 0.0028390333781884713, 0.007656919614316027], [0.0031530974666510447, 0.0031530974666510447, 0.008281930107025937], [0.0028500023627187066, 0.0028500023627187066, 0.007678752013565382], [0.0020259955963861653, 0.0020259955963861653, 0.006038000385265363]], [[0.0037983630405407087, 0.0037983630405407087, 0.009565437933298782], [0.003579667312811341, 0.003579667312811341, 0.009130519956779604], [0.00396920124247524, 0.00396920124247524, 0.00990511571418995], [0.0035657169817403522, 0.0035657169817403522, 0.009102773835565348], [0.05917819502615751, 0.05917819502615751, 0.11662563642042745], [0.003463574679448689, 0.003463574679448689, 0.008899608922094626], [0.0022215842226941396, 0.0022215842226941396, 0.006427576606321761], [0.0037620001080912457, 0.0037620001080912457, 0.0094931299555997], [0.003183003172788079, 0.003183003172788079, 0.008341434381336832], [0.0033923179962102035, 0.0033923179962102035, 0.008757864344327682], [0.002245531215987584, 0.002245531215987584, 0.006475269322685939], [0.002168699243082939, 0.002168699243082939, 0.006322247080511767], [0.0016846215808294929, 0.0016846215808294929, 0.005357863789935302], [0.0026759801545434003, 0.0026759801545434003, 0.007332354134921837], [0.003267731134745655, 0.003267731134745655, 0.008510010437064452]]]

CumulativeAerialTransportRisk:
