
============= DEBUG INFORMATION =============

NrTimeBucket:
4

NrACFs:
15

NrHospitals:
5

NrMedFacilities:
20

NrDisasterAreas:
15

NrRescueVehicles:
3

NrInjuries:
2

K_h:
{0: {1, 2, 3, 4}, 1: {0, 2, 3, 4}, 2: {0, 1, 3, 4}, 3: {0, 1, 2, 4}, 4: {0, 1, 2, 3}}

J_m:
[1, 1, 0]
[1, 1, 1]

J_u:
[1, 1, 1, 1, 1, 0, 0, 0, 0, 0, 0, 0, 0, 0, 0, 0, 0, 0, 0, 0]
[1, 1, 1, 1, 1, 1, 1, 1, 1, 1, 1, 1, 1, 1, 1, 1, 1, 1, 1, 1]

I_A_Set:
{0, 1, 4, 9, 10, 11, 13}

I_A_List:
0
1
4
9
10
11
13

ACF_Bed_Capacity:
319
356
374
315
270
327
336
255
268
373
252
279
322
456
280

Hospital_Bed_Capacity:
454.0
594.0
583.0
509.0
419.0

Fixed_Cost_ACF_Objective:
0.103
0.115
0.121
0.102
0.087
0.106
0.109
0.082
0.087
0.121
0.081
0.09
0.104
0.148
0.091

Fixed_Cost_ACF_Constraint:
10367.5
11570.0
12155.0
10237.5
8775.0
10627.5
10920.0
8287.5
8710.0
12122.5
8190.0
9067.5
10465.0
14820.0
9100.0

Total_Budget_ACF_Establishment:
132102.75

VehicleAssignment_Cost:
0.001
0.001
0.001

ForecastedAvgCasualtyDemand:
[[10.0, 10.0, 10.0, 10.0, 10.0, 10.0, 10.0, 10.0, 10.0, 10.0, 10.0, 10.0, 10.0, 10.0, 10.0], [15.0, 15.0, 15.0, 15.0, 15.0, 15.0, 15.0, 15.0, 15.0, 15.0, 15.0, 15.0, 15.0, 15.0, 15.0]]
[[10.0, 10.0, 10.0, 10.0, 10.0, 10.0, 10.0, 10.0, 10.0, 10.0, 10.0, 10.0, 10.0, 10.0, 10.0], [15.0, 15.0, 15.0, 15.0, 15.0, 15.0, 15.0, 15.0, 15.0, 15.0, 15.0, 15.0, 15.0, 15.0, 15.0]]
[[10.0, 10.0, 10.0, 10.0, 10.0, 10.0, 10.0, 10.0, 10.0, 10.0, 10.0, 10.0, 10.0, 10.0, 10.0], [15.0, 15.0, 15.0, 15.0, 15.0, 15.0, 15.0, 15.0, 15.0, 15.0, 15.0, 15.0, 15.0, 15.0, 15.0]]
[[10.0, 10.0, 10.0, 10.0, 10.0, 10.0, 10.0, 10.0, 10.0, 10.0, 10.0, 10.0, 10.0, 10.0, 10.0], [15.0, 15.0, 15.0, 15.0, 15.0, 15.0, 15.0, 15.0, 15.0, 15.0, 15.0, 15.0, 15.0, 15.0, 15.0]]

ForecastedSTDCasualtyDemand:
[[10.0, 10.0, 10.0, 10.0, 10.0, 10.0, 10.0, 10.0, 10.0, 10.0, 10.0, 10.0, 10.0, 10.0, 10.0], [15.0, 15.0, 15.0, 15.0, 15.0, 15.0, 15.0, 15.0, 15.0, 15.0, 15.0, 15.0, 15.0, 15.0, 15.0]]
[[10.0, 10.0, 10.0, 10.0, 10.0, 10.0, 10.0, 10.0, 10.0, 10.0, 10.0, 10.0, 10.0, 10.0, 10.0], [15.0, 15.0, 15.0, 15.0, 15.0, 15.0, 15.0, 15.0, 15.0, 15.0, 15.0, 15.0, 15.0, 15.0, 15.0]]
[[10.0, 10.0, 10.0, 10.0, 10.0, 10.0, 10.0, 10.0, 10.0, 10.0, 10.0, 10.0, 10.0, 10.0, 10.0], [15.0, 15.0, 15.0, 15.0, 15.0, 15.0, 15.0, 15.0, 15.0, 15.0, 15.0, 15.0, 15.0, 15.0, 15.0]]
[[10.0, 10.0, 10.0, 10.0, 10.0, 10.0, 10.0, 10.0, 10.0, 10.0, 10.0, 10.0, 10.0, 10.0, 10.0], [15.0, 15.0, 15.0, 15.0, 15.0, 15.0, 15.0, 15.0, 15.0, 15.0, 15.0, 15.0, 15.0, 15.0, 15.0]]

Land_Rescue_Vehicle_Capacity:
6
12
80

Aerial_Rescue_Vehicle_Capacity:
130

Distance_D_A:
[15.1, 8.86, 12.75, 7.54, 26.12, 14.05, 30.89, 23.74, 19.27, 29.92, 23.1, 11.11, 35.66, 8.72, 11.42]
[30.79, 42.81, 21.28, 27.55, 19.67, 23.68, 3.46, 32.07, 27.39, 5.69, 11.11, 23.45, 13.2, 38.03, 24.21]
[29.82, 47.55, 29.04, 35.48, 34.62, 34.36, 18.51, 26.48, 24.7, 20.99, 19.41, 31.83, 29.57, 40.11, 33.42]
[5.54, 15.27, 17.74, 16.88, 34.14, 22.86, 32.91, 12.88, 10.87, 32.89, 24.37, 18.13, 41.05, 5.96, 19.67]
[17.55, 34.82, 32.46, 34.72, 48.1, 39.19, 39.84, 9.92, 15.99, 41.06, 32.87, 34.21, 50.94, 25.62, 36.2]
[20.91, 15.8, 10.0, 4.04, 18.26, 6.8, 26.59, 29.11, 23.61, 25.05, 20.29, 7.2, 28.9, 17.28, 5.84]
[29.85, 38.7, 17.24, 22.81, 12.65, 17.95, 4.09, 32.99, 27.53, 1.61, 9.63, 18.84, 8.7, 35.24, 19.12]
[27.23, 40.72, 19.65, 26.17, 21.58, 23.28, 5.4, 27.92, 23.48, 7.84, 8.95, 22.12, 17.05, 35.21, 23.22]
[17.18, 3.7, 21.38, 16.62, 35.15, 23.1, 39.29, 24.97, 22.43, 38.54, 31.12, 20.07, 44.7, 6.16, 20.5]
[38.16, 51.18, 29.69, 35.97, 26.4, 31.95, 11.75, 38.21, 34.21, 13.49, 19.35, 31.87, 16.84, 46.09, 32.6]
[34.46, 22.34, 23.27, 18.04, 22.47, 17.26, 36.5, 42.89, 37.55, 34.39, 32.24, 20.51, 34.41, 28.31, 18.59]
[15.57, 31.54, 13.7, 19.78, 24.69, 20.04, 14.59, 16.36, 11.62, 15.71, 7.88, 16.51, 25.63, 24.64, 18.36]
[29.49, 44.55, 24.01, 30.59, 26.44, 28.1, 9.94, 28.73, 25.13, 12.46, 13.38, 26.6, 20.72, 38.38, 27.84]
[37.07, 52.81, 32.28, 38.85, 32.97, 36.09, 16.61, 35.16, 32.36, 18.99, 21.61, 34.84, 24.89, 46.42, 36.02]
[20.63, 2.19, 23.5, 18.11, 36.19, 24.31, 41.6, 28.45, 25.84, 40.69, 33.62, 21.87, 46.29, 9.64, 22.01]

Distance_A_H:
[35.06, 39.96, 21.37, 30.51, 38.35]
[39.83, 55.39, 34.56, 30.77, 47.89]
[20.12, 34.61, 13.84, 14.56, 26.46]
[23.92, 41.15, 20.43, 15.74, 31.95]
[7.14, 34.11, 19.74, 3.49, 18.63]
[17.67, 38.07, 18.43, 9.17, 26.73]
[12.42, 18.15, 7.8, 18.42, 9.61]
[39.56, 38.15, 23.13, 36.86, 40.44]
[33.74, 35.31, 18.1, 30.79, 35.44]
[10.02, 20.39, 8.97, 16.03, 9.45]
[16.44, 23.91, 3.43, 17.26, 17.99]
[20.62, 37.1, 16.48, 13.66, 28.02]
[4.83, 25.19, 18.98, 15.32, 7.71]
[38.3, 49.19, 28.99, 30.96, 44.37]
[20.03, 38.18, 17.82, 12.25, 28.19]

Distance_D_H:
[31.45, 46.79, 25.9, 23.07, 39.09]
[14.78, 14.72, 9.42, 21.71, 8.69]
[30.9, 12.59, 16.0, 35.81, 23.86]
[37.73, 45.17, 25.86, 31.79, 42.3]
[49.2, 44.22, 32.13, 46.78, 49.13]
[24.34, 44.01, 23.61, 14.97, 33.49]
[8.41, 21.6, 10.29, 14.77, 9.22]
[17.82, 14.98, 6.23, 23.05, 13.1]
[40.53, 54.17, 33.55, 32.03, 47.84]
[20.23, 8.4, 17.12, 28.96, 9.32]
[29.61, 54.64, 35.67, 19.26, 40.91]
[24.29, 24.62, 6.8, 24.46, 24.08]
[22.19, 10.86, 10.18, 28.01, 15.27]
[27.61, 3.0, 18.47, 35.01, 17.76]
[41.95, 56.98, 36.22, 32.94, 49.86]

Distance_A_A:
[1000, 20.01, 15.96, 17.23, 32.41, 22.19, 28.8, 8.63, 5.35, 29.1, 20.39, 17.19, 37.91, 11.06, 19.06]
[20.01, 1000, 21.61, 16.05, 34.03, 22.18, 39.74, 28.13, 25.09, 38.77, 31.87, 19.88, 44.2, 9.34, 19.93]
[15.96, 21.61, 1000, 6.58, 16.53, 6.99, 18.15, 22.58, 16.54, 17.2, 10.7, 2.82, 23.8, 18.31, 4.69]
[17.23, 16.05, 6.58, 1000, 18.66, 6.6, 24.28, 25.24, 19.65, 23.03, 17.25, 4.1, 28.18, 15.26, 3.9]
[32.41, 34.03, 16.53, 18.66, 1000, 12.08, 16.57, 38.21, 32.16, 14.08, 17.05, 16.11, 11.96, 33.74, 14.96]
[22.19, 22.18, 6.99, 6.6, 12.08, 1000, 20.25, 29.37, 23.4, 18.52, 15.01, 5.01, 22.15, 21.8, 3.19]
[28.8, 39.74, 18.15, 24.28, 16.57, 20.25, 1000, 30.93, 25.84, 2.52, 8.54, 20.19, 11.89, 35.36, 20.86]
[8.63, 28.13, 22.58, 25.24, 38.21, 29.37, 30.93, 1000, 6.07, 31.9, 23.42, 24.42, 41.58, 18.84, 26.44]
[5.35, 25.09, 16.54, 19.65, 32.16, 23.4, 25.84, 6.07, 1000, 26.55, 17.9, 18.48, 36.0, 16.36, 20.53]
[29.1, 38.77, 17.2, 23.03, 14.08, 18.52, 2.52, 31.9, 26.55, 1000, 8.73, 18.99, 10.05, 34.94, 19.44]
[20.39, 31.87, 10.7, 17.25, 17.05, 15.01, 8.54, 23.42, 17.9, 8.73, 1000, 13.23, 18.16, 26.93, 14.48]
[17.19, 19.88, 2.82, 4.1, 16.11, 5.01, 20.19, 24.42, 18.48, 18.99, 13.23, 1000, 24.65, 17.76, 2.07]
[37.91, 44.2, 23.8, 28.18, 11.96, 22.15, 11.89, 41.58, 36.0, 10.05, 18.16, 24.65, 1000, 42.1, 24.28]
[11.06, 9.34, 18.31, 15.26, 33.74, 21.8, 35.36, 18.84, 16.36, 34.94, 26.93, 17.76, 42.1, 1000, 18.78]
[19.06, 19.93, 4.69, 3.9, 14.96, 3.19, 20.86, 26.44, 20.53, 19.44, 14.48, 2.07, 24.28, 18.78, 1000]

Distance_H_H:
[1000, 28.34, 18.1, 10.49, 11.77]
[28.34, 1000, 20.9, 36.37, 17.72]
[18.1, 20.9, 1000, 20.3, 17.36]
[10.49, 36.37, 20.3, 1000, 21.67]
[11.77, 17.72, 17.36, 21.67, 1000]

Distance_U_U:
[1000, 28.34, 18.1, 10.49, 11.77, 35.06, 39.83, 20.12, 23.92, 7.14, 17.67, 12.42, 39.56, 33.74, 10.02, 16.44, 20.62, 4.83, 38.3, 20.03]
[28.34, 1000, 20.9, 36.37, 17.72, 39.96, 55.39, 34.61, 41.15, 34.11, 38.07, 18.15, 38.15, 35.31, 20.39, 23.91, 37.1, 25.19, 49.19, 38.18]
[18.1, 20.9, 1000, 20.3, 17.36, 21.37, 34.56, 13.84, 20.43, 19.74, 18.43, 7.8, 23.13, 18.1, 8.97, 3.43, 16.48, 18.98, 28.99, 17.82]
[10.49, 36.37, 20.3, 1000, 21.67, 30.51, 30.77, 14.56, 15.74, 3.49, 9.17, 18.42, 36.86, 30.79, 16.03, 17.26, 13.66, 15.32, 30.96, 12.25]
[11.77, 17.72, 17.36, 21.67, 1000, 38.35, 47.89, 26.46, 31.95, 18.63, 26.73, 9.61, 40.44, 35.44, 9.45, 17.99, 28.02, 7.71, 44.37, 28.19]
[35.06, 39.96, 21.37, 30.51, 38.35, 1000, 20.01, 15.96, 17.23, 32.41, 22.19, 28.8, 8.63, 5.35, 29.1, 20.39, 17.19, 37.91, 11.06, 19.06]
[39.83, 55.39, 34.56, 30.77, 47.89, 20.01, 1000, 21.61, 16.05, 34.03, 22.18, 39.74, 28.13, 25.09, 38.77, 31.87, 19.88, 44.2, 9.34, 19.93]
